  18
   0.2282732   0.5248995   0.8199828  -0.2277743  -0.7900545   0.5691510   0.9465781  -0.3166930  -0.0607896  12.7937809   3.9475199 -17.5626820
   0.0536530  -0.0552773   0.9970285  -0.3227729  -0.9458265  -0.0350692   0.9449545  -0.3199322  -0.0685884  16.0016186   2.8103246 -17.7386828
  -0.1264287  -0.5651182   0.8152651  -0.3027634  -0.7606613  -0.5742201   0.9446429  -0.3194303  -0.0749277  18.8578871   1.7406824 -17.9595296
  -0.2728466  -0.9050470   0.3262586  -0.1788330  -0.2855025  -0.9415451   0.9452902  -0.3152431  -0.0839538  21.8021410   0.6191864 -18.2135500
  -0.3211209  -0.9213096  -0.2192488  -0.0168769   0.2370403  -0.9713532   0.9468878  -0.3082215  -0.0916675  24.7802235  -0.5360270 -18.5468209
  -0.2457200  -0.5022374  -0.8290834   0.1946137   0.8123306  -0.5497677   0.9496037  -0.2964399  -0.1018636  28.1361568  -1.7881367 -18.9757440
  -0.1200951   0.0203636  -0.9925535   0.2789324   0.9602079  -0.0140497   0.9527717  -0.2785427  -0.1209964  31.1340314  -2.7719310 -19.3388021
   0.0227808   0.5347126  -0.8447269   0.3015408   0.8019207   0.5157483   0.9531811  -0.2664688  -0.1429693  34.0098326  -3.5848473 -19.7135769
   0.1863950   0.9014245  -0.3907567   0.2511859   0.3407848   0.9059643   0.9498224  -0.2670198  -0.1629045  37.1275787  -4.3401681 -20.2204078
   0.3012319   0.9398473   0.1610786   0.1208964  -0.2052048   0.9712235   0.9458559  -0.2730897  -0.1754384  40.0169650  -4.9553448 -20.8190764
   0.3095749   0.5504755   0.7753323  -0.1201062  -0.7862203   0.6061619   0.9432592  -0.2807747  -0.1772786  43.2250608  -5.7662152 -21.6365440
   0.2160657   0.1293170   0.9677772  -0.2573349  -0.9486023   0.1842073   0.9418569  -0.2888438  -0.1716826  45.9849959  -6.6711220 -22.4550147
   0.0399603  -0.3741646   0.9265009  -0.3346176  -0.8787128  -0.3404334   0.9415064  -0.2964197  -0.1603157  48.6788944  -7.6486026 -23.1601707
  -0.1755137  -0.8116271   0.5571861  -0.2894347  -0.4984181  -0.8171946   0.9409689  -0.3046979  -0.1474339  51.7471591  -8.7078318 -23.8067365
  -0.3180009  -0.9473399  -0.0377169  -0.1119527   0.0770242  -0.9907239   0.9414574  -0.3108285  -0.1305510  54.6996311  -9.7727135 -24.2268802
  -0.3097706  -0.7230962  -0.6173929   0.1132261   0.6166583  -0.7790458   0.9440456  -0.3112305  -0.1091493  57.7726398 -10.7676948 -24.4381977
  -0.1655608  -0.2195297  -0.9614553   0.2719054   0.9269617  -0.2584754   0.9479752  -0.3042183  -0.0937772  61.1036863 -11.7453837 -24.6672250
   0.0309006   0.3730166  -0.9273100   0.3023459   0.8808017   0.3643834   0.9526973  -0.2916280  -0.0855627  64.5042335 -12.5764624 -24.9050618
     0.00000     0.00000
     0.20674    34.07256
     0.19706    12.72491
     0.26687    16.29974
     0.33206    34.03791
     0.50941    13.71327
     0.58807   -42.48876
     0.64148   -98.39419
     0.67606  -177.97013
     0.80425    96.31838
     0.74769    13.58493
     0.60330   -82.59072
     0.69563  -131.03903
     0.86869  -170.71683
     0.55585   101.17391
     0.00000     0.00000
     0.00000     0.00000
   300.00000   300.00000
